Point2D, [-23, 29]
Point2D, [-22, -22]
Point2D, [-10, 24]
Point2D, [17, 2]
Point2D, [24, 0]
Point3D, [-13, 30, 17]
Point3D, [-8, -23, -27]
Point3D, [14, -25, 25]
Point3D, [29, 16, -9]
Point3D, [29, -7, 13]
Line2D, [-28, 21], [-23, -8]
Line2D, [-5, -27], [-23, 26]
Line2D, [21, -29], [-28, 30]
Line2D, [21, -20], [26, 19]
Line2D, [21, 11], [-26, 15]
Line3D, [-28, -21, 0], [13, -7, 13]
Line3D, [-28, 14, 23], [13, -23, 30]
Line3D, [-13, -18, 5], [18, 7, -7]
Line3D, [-13, 13, 28], [23, 4, -26]
Line3D, [11, 18, -14], [13, -10, -21]
Point2D, [17, 2]
Point2D, [24, 0]
Point3D, [29, 16, -9]
Point3D, [29, -7, 13]
Line2D, [21, -20], [26, 19]
Line2D, [21, 11], [-26, 15]
Line3D, [-13, 13, 28], [23, 4, -26]
Line3D, [11, 18, -14], [13, -10, -21]
